X-ray (ID 01) / Crystal angle ?_c	X-ray (ID 01) / Impulse Imp
?_c/°	Imp/# / s

3.0	573
3.1	571
3.2	520
3.3	422
3.4	367
3.5	312
3.6	288
3.7	262
3.8	235
3.9	209
4.0	176
4.1	166
4.2	146
4.3	133
4.4	134
4.5	116
4.6	116
4.7	117
4.8	107
4.9	106
5.0	98
5.1	108
5.2	94
5.3	115
5.4	103
5.5	103
5.6	97
5.7	92
5.8	92
5.9	94
6.0	97
6.1	106
6.2	103
6.3	119
6.4	164
6.5	215
6.6	138
6.7	123
6.8	91
6.9	106
7.0	147
7.1	141
7.2	409
7.3	631
7.4	301
7.5	117
7.6	122
7.7	113
7.8	125
7.9	111
8.0	121
8.1	129
8.2	125
8.3	115
8.4	119
8.5	122
8.6	117
8.7	123
8.8	115
8.9	118
9.0	129
9.1	109
9.2	124
9.3	111
9.4	111
9.5	102
9.6	103
9.7	93
9.8	112
9.9	110
10.0	100
10.1	111
10.2	99
10.3	96
10.4	100
10.5	100
10.6	100
10.7	105
10.8	97
10.9	101
11.0	99
11.1	96
11.2	98
11.3	102
11.4	98
11.5	91
11.6	92
11.7	98
11.8	88
11.9	100
12.0	98
12.1	87
12.2	96
12.3	90
12.4	86
12.5	97
12.6	96
12.7	98
12.8	106
12.9	112
13.0	131
13.1	126
13.2	97
13.3	95
13.4	83
13.5	93
13.6	91
13.7	88
13.8	88
13.9	101
14.0	97
14.1	87
14.2	81
14.3	94
14.4	104
14.5	153
14.6	289
14.7	289
14.8	126
14.9	89
15.0	81
15.1	78
15.2	84
15.3	88
15.4	76
15.5	78
15.6	65
15.7	71
15.8	67
15.9	75
16.0	72
16.1	52
16.2	65
16.3	65
16.4	63
16.5	60
16.6	55
16.7	70
16.8	53
16.9	50
17.0	51
17.1	50
17.2	62
17.3	67
17.4	53
17.5	51
17.6	41
17.7	55
17.8	61
17.9	55
18.0	54
18.1	51
18.2	45
18.3	59
18.4	58
18.5	45
18.6	45
18.7	51
18.8	43
18.9	43
19.0	42
19.1	41
19.2	42
19.3	43
19.4	37
19.5	46
19.6	53
19.7	51
19.8	55
19.9	37
20.0	38
20.1	42
20.2	43
20.3	38
20.4	42
20.5	38
20.6	37
20.7	38
20.8	48
20.9	36
21.0	27
21.1	39
21.2	40
21.3	37
21.4	37
21.5	41
21.6	38
21.7	33
21.8	44
21.9	37
22.0	33
22.1	63
22.2	108
22.3	114
22.4	70
22.5	42
22.6	34
22.7	40
22.8	36
22.9	37
23.0	35
23.1	33
23.2	29
23.3	27
23.4	34
23.5	30
23.6	25
23.7	28
23.8	30
23.9	34
24.0	25
24.1	31
24.2	23
24.3	31
24.4	30
24.5	26
24.6	29
24.7	32
24.8	26
24.9	33
25.0	32
25.1	24
25.2	33
25.3	26
25.4	27
25.5	24
25.6	23
25.7	21
25.8	25
25.9	25
26.0	24
26.1	21
26.2	26
26.3	33
26.4	23
26.5	28
26.6	33
26.7	35
26.8	27
26.9	20
27.0	25
27.1	21
27.2	19
27.3	23
27.4	26
27.5	27
27.6	22
27.7	24
27.8	23
27.9	21
28.0	21
28.1	22
28.2	22
28.3	26
28.4	13
28.5	22
28.6	17
28.7	23
28.8	17
28.9	22
29.0	24
29.1	18
29.2	17
29.3	24
29.4	22
29.5	12
29.6	25
29.7	16
29.8	22
29.9	19
30.0	23
