Crystal angle θ_c	X-Ray Impulse 1 /Imp
3	321
3.1	334
3.2	301
3.3	320
3.4	266
3.5	248
3.6	216
3.7	189
3.8	172
3.9	154
4	122
4.1	125
4.2	109
4.3	105
4.4	115
4.5	100
4.6	109
4.7	101
4.8	110
4.9	96
5	99
5.1	109
5.2	117
5.3	107
5.4	135
5.5	126
5.6	122
5.7	108
5.8	108
5.9	104
6	114
6.1	124
6.2	116
6.3	107
6.4	110
6.5	116
6.6	103
6.7	114
6.8	104
6.9	116
7	111
7.1	121
7.2	103
7.3	96
7.4	110
7.5	107
7.6	109
7.7	97
7.8	97
7.9	106
8	102
8.1	108
8.2	97
8.3	101
8.4	94
8.5	98
8.6	87
8.7	104
8.8	85
8.9	119
9	175
9.1	224
9.2	181
9.3	115
9.4	103
9.5	95
9.6	99
9.7	108
9.8	107
9.9	117
10	147
10.1	228
10.2	589
10.3	665
10.4	306
10.5	121
10.6	101
10.7	98
10.8	107
10.9	92
11	86
11.1	91
11.2	107
11.3	91
11.4	83
11.5	83
11.6	86
11.7	88
11.8	79
11.9	92
12	94
12.1	92
12.2	79
12.3	81
12.4	88
12.5	77
12.6	68
12.7	82
12.8	76
12.9	80
13	79
13.1	72
13.2	71
13.3	78
13.4	69
13.5	64
13.6	57
13.7	65
13.8	73
13.9	73
14	56
14.1	71
14.2	63
14.3	65
14.4	59
14.5	59
14.6	65
14.7	61
14.8	50
14.9	62
15	59
15.1	54
15.2	50
15.3	60
15.4	47
15.5	62
15.6	49
15.7	60
15.8	63
15.9	59
16	60
16.1	45
16.2	46
16.3	45
16.4	51
16.5	48
16.6	50
16.7	45
16.8	53
16.9	49
17	52
17.1	48
17.2	35
17.3	50
17.4	34
17.5	38
17.6	37
17.7	39
17.8	37
17.9	33
18	40
18.1	43
18.2	43
18.3	49
18.4	51
18.5	55
18.6	36
18.7	29
18.8	38
18.9	35
19	36
19.1	32
19.2	34
19.3	46
19.4	33
19.5	24
19.6	29
19.7	32
19.8	37
19.9	31
20	35
20.1	46
20.2	33
20.3	31
20.4	32
20.5	38
20.6	43
20.7	58
20.8	95
20.9	89
21	56
21.1	38
21.2	34
21.3	23
21.4	28
21.5	28
21.6	26
21.7	23
21.8	23
21.9	25
22	24
22.1	22
22.2	24
22.3	26
22.4	26
22.5	21
22.6	23
22.7	23
22.8	24
22.9	24
23	25
23.1	22
23.2	15
23.3	21
23.4	23
23.5	21
23.6	17
23.7	22
23.8	19
23.9	13
24	16
24.1	20
24.2	20
24.3	20
24.4	14
24.5	25
24.6	18
24.7	15
24.8	19
24.9	15
25	12
25.1	15
25.2	16
25.3	17
25.4	11
25.5	15
25.6	20
25.7	14
25.8	15
25.9	17
26	15
26.1	15
26.2	11
26.3	18
26.4	21
26.5	22
26.6	29
26.7	26
26.8	20
26.9	13
27	15
27.1	19
27.2	11
27.3	23
27.4	12
27.5	19
27.6	16
27.7	10
27.8	14
27.9	18
28	16
28.1	13
28.2	15
28.3	14
28.4	12
28.5	15
28.6	14
28.7	14
28.8	12
28.9	15
29	8
29.1	13
29.2	11
29.3	11
29.4	14
29.5	11
29.6	11
29.7	11
29.8	13
29.9	11
30	12