Crystal angle θ_c	X-Ray Impulse 1 /Imp
3	7319
3.1	6614
3.2	4899
3.3	3056
3.4	1660
3.5	1135
3.6	913
3.7	711
3.8	575
3.9	471
4	450
4.1	394
4.2	384
4.3	343
4.4	312
4.5	275
4.6	248
4.7	231
4.8	187
4.9	182
5	171
5.1	179
5.2	177
5.3	164
5.4	173
5.5	214
5.6	180
5.7	152
5.8	185
5.9	204
6	181
6.1	218
6.2	318
6.3	313
6.4	212
6.5	188
6.6	177
6.7	181
6.8	189
6.9	196
7	197
7.1	204
7.2	206
7.3	199
7.4	213
7.5	202
7.6	217
7.7	208
7.8	210
7.9	244
8	233
8.1	227
8.2	246
8.3	230
8.4	197
8.5	246
8.6	211
8.7	223
8.8	211
8.9	230
9	217
9.1	220
9.2	217
9.3	230
9.4	242
9.5	234
9.6	243
9.7	226
9.8	229
9.9	232
10	216
10.1	209
10.2	205
10.3	202
10.4	204
10.5	195
10.6	201
10.7	220
10.8	217
10.9	304
11	308
11.1	462
11.2	569
11.3	298
11.4	199
11.5	210
11.6	207
11.7	205
11.8	194
11.9	195
12	233
12.1	257
12.2	261
12.3	346
12.4	488
12.5	1294
12.6	1879
12.7	882
12.8	332
12.9	228
13	177
13.1	197
13.2	165
13.3	176
13.4	167
13.5	162
13.6	161
13.7	164
13.8	161
13.9	175
14	174
14.1	173
14.2	164
14.3	173
14.4	150
14.5	157
14.6	156
14.7	167
14.8	160
14.9	164
15	149
15.1	148
15.2	152
15.3	137
15.4	138
15.5	150
15.6	149
15.7	147
15.8	125
15.9	135
16	134
16.1	124
16.2	145
16.3	136
16.4	121
16.5	131
16.6	133
16.7	128
16.8	130
16.9	122
17	112
17.1	110
17.2	106
17.3	106
17.4	104
17.5	109
17.6	98
17.7	96
17.8	91
17.9	97
18	82
18.1	91
18.2	79
18.3	88
18.4	79
18.5	82
18.6	82
18.7	76
18.8	84
18.9	86
19	78
19.1	110
19.2	101
19.3	88
19.4	69
19.5	68
19.6	64
19.7	61
19.8	65
19.9	69
20	68
20.1	63
20.2	51
20.3	57
20.4	53
20.5	48
20.6	41
20.7	48
20.8	54
20.9	62
21	49
21.1	48
21.2	48
21.3	49
21.4	56
21.5	45
21.6	40
21.7	40
21.8	43
21.9	44
22	47
22.1	46
22.2	46
22.3	49
22.4	40
22.5	51
22.6	47
22.7	42
22.8	42
22.9	66
23	63
23.1	44
23.2	47
23.3	35
23.4	36
23.5	37
23.6	35
23.7	37
23.8	30
23.9	37
24	32
24.1	29
24.2	33
24.3	33
24.4	33
24.5	31
24.6	33
24.7	31
24.8	34
24.9	30
25	35
25.1	24
25.2	28
25.3	27
25.4	29
25.5	27
25.6	25
25.7	25
25.8	36
25.9	65
26	55
26.1	44
26.2	32
26.3	28
26.4	20
26.5	23
26.6	22
26.7	23
26.8	19
26.9	25
27	26
27.1	27
27.2	18
27.3	20
27.4	20
27.5	15
27.6	21
27.7	23
27.8	15
27.9	23
28	20
28.1	14
28.2	12
28.3	20
28.4	15
28.5	15
28.6	17
28.7	25
28.8	26
28.9	28
29	22
29.1	21
29.2	16
29.3	14
29.4	16
29.5	11
29.6	14
29.7	24
29.8	11
29.9	17
30	15