X-ray (ID 01) / Crystal angle ?_c	X-ray (ID 01) / Impulse Imp
?_c/°	Imp/# / s

3.0	479
3.1	421
3.2	347
3.3	302
3.4	289
3.5	249
3.6	217
3.7	196
3.8	199
3.9	158
4.0	147
4.1	133
4.2	101
4.3	109
4.4	103
4.5	103
4.6	96
4.7	105
4.8	100
4.9	95
5.0	103
5.1	94
5.2	109
5.3	119
5.4	116
5.5	113
5.6	108
5.7	122
5.8	127
5.9	122
6.0	120
6.1	123
6.2	125
6.3	115
6.4	121
6.5	123
6.6	111
6.7	114
6.8	108
6.9	120
7.0	121
7.1	111
7.2	124
7.3	110
7.4	110
7.5	113
7.6	109
7.7	124
7.8	95
7.9	95
8.0	101
8.1	107
8.2	97
8.3	111
8.4	94
8.5	105
8.6	100
8.7	91
8.8	98
8.9	117
9.0	145
9.1	220
9.2	193
9.3	129
9.4	111
9.5	104
9.6	99
9.7	109
9.8	96
9.9	101
10.0	138
10.1	213
10.2	511
10.3	784
10.4	483
10.5	178
10.6	103
10.7	114
10.8	100
10.9	109
11.0	99
11.1	109
11.2	100
11.3	105
11.4	106
11.5	98
11.6	98
11.7	92
11.8	108
11.9	94
12.0	92
12.1	91
12.2	97
12.3	95
12.4	89
12.5	95
12.6	102
12.7	80
12.8	86
12.9	93
13.0	91
13.1	78
13.2	83
13.3	76
13.4	68
13.5	69
13.6	75
13.7	80
13.8	68
13.9	75
14.0	68
14.1	76
14.2	70
14.3	56
14.4	58
14.5	64
14.6	69
14.7	67
14.8	60
14.9	67
15.0	50
15.1	57
15.2	65
15.3	60
15.4	56
15.5	72
15.6	56
15.7	61
15.8	64
15.9	54
16.0	52
16.1	66
16.2	66
16.3	52
16.4	50
16.5	52
16.6	48
16.7	48
16.8	47
16.9	52
17.0	43
17.1	50
17.2	54
17.3	55
17.4	45
17.5	40
17.6	46
17.7	44
17.8	46
17.9	40
18.0	44
18.1	48
18.2	44
18.3	60
18.4	57
18.5	61
18.6	49
18.7	47
18.8	39
18.9	39
19.0	46
19.1	39
19.2	41
19.3	31
19.4	33
19.5	36
19.6	36
19.7	37
19.8	29
19.9	38
20.0	29
20.1	30
20.2	33
20.3	31
20.4	34
20.5	35
20.6	45
20.7	59
20.8	111
20.9	123
21.0	110
21.1	59
21.2	36
21.3	29
21.4	34
21.5	25
21.6	26
21.7	27
21.8	25
21.9	30
22.0	30
22.1	33
22.2	25
22.3	28
22.4	29
22.5	25
22.6	23
22.7	20
22.8	23
22.9	24
23.0	27
23.1	19
23.2	25
23.3	26
23.4	24
23.5	28
23.6	27
23.7	22
23.8	16
23.9	22
24.0	22
24.1	20
24.2	18
24.3	18
24.4	20
24.5	14
24.6	22
24.7	20
24.8	24
24.9	19
25.0	23
25.1	17
25.2	23
25.3	20
25.4	13
25.5	16
25.6	23
25.7	16
25.8	18
25.9	22
26.0	17
26.1	14
26.2	11
26.3	18
26.4	20
26.5	19
26.6	33
26.7	25
26.8	19
26.9	20
27.0	19
27.1	13
27.2	15
27.3	14
27.4	20
27.5	13
27.6	16
27.7	20
27.8	18
27.9	15
28.0	10
28.1	14
28.2	16
28.3	20
28.4	14
28.5	15
28.6	15
28.7	13
28.8	13
28.9	12
29.0	18
29.1	17
29.2	16
29.3	14
29.4	13
29.5	15
29.6	12
29.7	12
29.8	12
29.9	16
30.0	18
