X-ray (ID 01) / Crystal angle ?_c	X-ray (ID 01) / Impulse Imp
?_c/°	Imp/# / s

3.0	444
3.1	379
3.2	370
3.3	299
3.4	279
3.5	253
3.6	213
3.7	200
3.8	171
3.9	160
4.0	136
4.1	131
4.2	111
4.3	86
4.4	86
4.5	107
4.6	84
4.7	95
4.8	111
4.9	103
5.0	97
5.1	108
5.2	91
5.3	119
5.4	96
5.5	106
5.6	110
5.7	115
5.8	117
5.9	104
6.0	96
6.1	115
6.2	111
6.3	135
6.4	115
6.5	119
6.6	116
6.7	116
6.8	106
6.9	117
7.0	108
7.1	105
7.2	101
7.3	122
7.4	97
7.5	109
7.6	108
7.7	123
7.8	111
7.9	118
8.0	106
8.1	100
8.2	104
8.3	98
8.4	105
8.5	102
8.6	104
8.7	103
8.8	87
8.9	109
9.0	128
9.1	214
9.2	210
9.3	131
9.4	97
9.5	91
9.6	107
9.7	99
9.8	111
9.9	102
10.0	142
10.1	189
10.2	498
10.3	743
10.4	473
10.5	172
10.6	113
10.7	97
10.8	96
10.9	101
11.0	100
11.1	103
11.2	95
11.3	105
11.4	100
11.5	107
11.6	91
11.7	92
11.8	89
11.9	94
12.0	87
12.1	75
12.2	87
12.3	79
12.4	102
12.5	85
12.6	76
12.7	73
12.8	81
12.9	87
13.0	82
13.1	84
13.2	77
13.3	78
13.4	80
13.5	76
13.6	79
13.7	75
13.8	73
13.9	66
14.0	75
14.1	71
14.2	72
14.3	62
14.4	76
14.5	70
14.6	69
14.7	63
14.8	64
14.9	59
15.0	67
15.1	59
15.2	59
15.3	64
15.4	47
15.5	64
15.6	59
15.7	69
15.8	55
15.9	62
16.0	54
16.1	49
16.2	54
16.3	48
16.4	57
16.5	48
16.6	55
16.7	52
16.8	51
16.9	47
17.0	52
17.1	46
17.2	43
17.3	42
17.4	41
17.5	43
17.6	37
17.7	51
17.8	34
17.9	46
18.0	45
18.1	47
18.2	38
18.3	46
18.4	61
18.5	53
18.6	58
18.7	44
18.8	44
18.9	38
19.0	43
19.1	35
19.2	43
19.3	45
19.4	33
19.5	36
19.6	28
19.7	31
19.8	27
19.9	34
20.0	32
20.1	41
20.2	38
20.3	34
20.4	34
20.5	33
20.6	49
20.7	76
20.8	129
20.9	128
21.0	87
21.1	56
21.2	28
21.3	39
21.4	35
21.5	29
21.6	35
21.7	23
21.8	27
21.9	30
22.0	21
22.1	23
22.2	29
22.3	26
22.4	24
22.5	25
22.6	27
22.7	29
22.8	23
22.9	27
23.0	26
23.1	25
23.2	24
23.3	23
23.4	22
23.5	26
23.6	17
23.7	19
23.8	20
23.9	24
24.0	16
24.1	21
24.2	22
24.3	19
24.4	23
24.5	18
24.6	20
24.7	22
24.8	20
24.9	17
25.0	21
25.1	14
25.2	20
25.3	17
25.4	19
25.5	17
25.6	17
25.7	25
25.8	18
25.9	12
26.0	18
26.1	18
26.2	23
26.3	16
26.4	20
26.5	23
26.6	29
26.7	30
26.8	21
26.9	21
27.0	20
27.1	14
27.2	14
27.3	14
27.4	16
27.5	18
27.6	15
27.7	16
27.8	16
27.9	16
28.0	15
28.1	12
28.2	17
28.3	20
28.4	20
28.5	11
28.6	17
28.7	16
28.8	19
28.9	17
29.0	14
29.1	11
29.2	13
29.3	15
29.4	17
29.5	13
29.6	13
29.7	17
29.8	12
29.9	11
30.0	11
